7 5
0.173281 -0.00666869 0.180998
-0.00626942 0.00908881 0.03
25 25 70
15 15 45
150 150 400
15 25 40
0.5 1.5 2
-0.0766663 0.0127831 0.00861814 0.00233743 -0.013018 1.40302e-005 0.00715579 -0.0075326
-0.376912 -0.0123043 -0.00280389 0.0131396 0.00593312 -0.0110323 -0.0113708 0.00484044
0.126116 -0.00621925 0.00661047 0.00866483 -0.00900055 0.0050579 -0.00251244 0.00303551
2.86784 -3.49598 0.431265 -0.191272 -0.185645 -0.660573 0.275848 -2.00425
0.103181 -0.0112904 -0.0158296 0.173281 -0.00666869 0.180998 -0.00626942 0.00908881
0.087808 0.0263161 0.32583 -0.47582 -14.3294 1.53688