7 4
5.5 0.1 5.6
0.0075 0.0075 0.03
25 25 70
15 15 45
150 150 400
15 25 40
0.5 1.5 2
0.178037 -4.09394e-019 -2.83082e-019 -2.34818e-020 -1.57964e-019 -4.83221e-021 -4.95975e-020 -3.44217e-020
0.328399 3.81764e-019 3.02625e-019 4.72174e-020 1.44419e-019 -4.63358e-020 7.72571e-020 1.12991e-020
-0.0597265 5.08287e-021 -3.65839e-020 3.30473e-020 1.92976e-020 3.37121e-020 -1.1959e-020 -6.26524e-021
-1.20925 1.46683 -0.20259 0.108782 0.0488671 0.200173 -0.120141 0.877908
0.0584843 -0.443978 0.448997 0.304305 23.9634